94741000187
94740987936
94740943271
94740958469
94740984412
94740961844
94741013130
94740951940
94740951847
94740952206
94740942507
94740940869
94740962080
94740969580
94741013024
94740958933
94740936544
94740960392
94740965939
94740952523
94740972886
94740942221
94741011447
94740998940
94740943203
94740980408
94740943062
94740981266
94740966612
94740988200
94740997585
94741010818
94740968809
94740983568
94740978815
94741011427
94740944209
94740993733
94740991859
94741003599
94740991379
94740962329
94740949513
94740957228
94740943069
94740957073
94740937963
94740977817
94740972253
94741011269
94740987199
94740984015
94740999027
94740990393
94740966310
94740987932
94740956411
94740970176
94740964098
94741004686
94740987608
94740949827
94740958160
94740974108
94740977351
94740991034
94740941507
94740992187
94740942511
94740960622
94740970508
94740960048
94741010945
94741011037
94740982858
94740972085
94740963854
94740997793
94740947824
94740949520
94740951674
94740957919
94740970840
94740945373
94740964787
94740994643
94740946226
94740968800
94740955319
94740938511
947409907578
94740991169
94740952643
94740983810
94740998170
94740982865
94740940250
94740950131
94740995176
94741004376
